2	105	-0.00414539
2	74	-0.0113618
2	42	-0.0694399
2	11	-0.00592048
2	56	-0.00500565
2	50	-0.00218791
2	93	-0.00630406
2	77	-0.00565112
2	100	-0.00498038
2	97	-0.00824097
2	409	-0.00484756
2	143	-0.00424338
2	116	-0.00557839
2	127	-0.00370376
2	147	-0.00117231
2	1331	-0.000770525
2	499	-0.00543254
2	13196	-0.00186719
5	61	-0.00209078
5	42	-0.0176464
5	499	-0.00135942
9	65	-0.00332523
9	56	-0.00453982
9	42	-0.0631596
9	11	-0.00724498
9	61	-0.00755613
9	499	-0.00492273
9	97	-0.00746885
9	89	-0.00293372
9	147	-0.00101972
9	105	-0.00379609
9	409	-0.00446013
9	13196	-0.00168064
11	247	-0.000190815
11	56	-0.00137969
11	42	-0.0182813
11	9	-0.00724498
11	2	-0.00592048
11	50	-0.000605017
11	77	-0.00137424
11	65	-0.00101267
11	61	-0.00215302
11	74	-0.00312577
11	100	-0.00137271
11	93	-0.00174747
11	97	-0.00226556
11	105	-0.000994977
11	143	-0.00116913
11	499	-0.00138053
11	409	-0.00123337
11	13196	-0.000503155
11	1331	-0.000214662
42	162	-0.0171246
42	89	-0.00674628
42	50	-0.0039545
42	9	-0.0631596
42	5	-0.0176464
42	2	-0.0694399
42	11	-0.0182813
42	61	-0.0187846
42	56	-0.0117654
42	74	-0.0272271
42	65	-0.00895623
42	77	-0.0136236
42	116	-0.0132883
42	97	-0.0195954
42	93	-0.015987
42	100	-0.0120352
42	105	-0.00989335
42	143	-0.0101504
42	147	-0.00259537
42	1331	-0.00195993
42	409	-0.0117433
42	247	-0.00169914
42	499	-0.00991352
42	13196	-0.00427397
50	42	-0.0039545
50	2	-0.00218791
50	11	-0.000605017
50	65	-0.000285949
56	105	-0.00059257
56	61	-0.00142199
56	11	-0.00137969
56	2	-0.00500565
56	9	-0.00453982
56	42	-0.0117654
56	77	-0.000927954
56	74	-0.00191543
56	93	-0.00114192
56	89	-0.000558978
56	100	-0.000852816
56	409	-0.000841893
56	116	-0.000938812
56	143	-0.000707965
56	13196	-0.000256233
56	499	-0.000899189
61	100	-0.00137989
61	56	-0.00142199
61	11	-0.00215302
61	5	-0.00209078
61	9	-0.00755613
61	42	-0.0187846
61	77	-0.00154564
61	93	-0.00191368
61	409	-0.00134428
61	147	-0.000307849
61	105	-0.00120165
61	116	-0.00156954
61	247	-0.000199715
61	1331	-0.000154934
61	499	-0.000870896
61	13196	-0.000507994
65	116	-0.000700452
65	50	-0.000285949
65	11	-0.00101267
65	9	-0.00332523
65	42	-0.00895623
65	89	-0.000372738
65	499	-0.000666664
65	147	-0.000134268
65	13196	-0.00022286
74	42	-0.0272271
74	11	-0.00312577
74	2	-0.0113618
74	89	-0.00127934
74	56	-0.00191543
74	143	-0.00165371
74	100	-0.00192301
77	100	-0.000957881
77	56	-0.000927954
77	11	-0.00137424
77	2	-0.00565112
77	42	-0.0136236
77	61	-0.00154564
77	409	-0.000649637
77	116	-0.00102154
77	105	-0.000263045
77	162	-0.00135779
77	143	-0.000815056
77	1331	-0.000127997
77	499	-0.00103147
77	13196	-0.000347813
89	93	-0.000659569
89	42	-0.00674628
89	9	-0.00293372
89	65	-0.000372738
89	56	-0.000558978
89	74	-0.00127934
89	143	-0.000472111
89	100	-0.000556098
89	97	-0.00075752
89	116	-0.000624247
89	499	-0.000487726
89	147	-0.000118167
93	143	-0.000914965
93	42	-0.015987
93	2	-0.00630406
93	11	-0.00174747
93	89	-0.000659569
93	61	-0.00191368
93	56	-0.00114192
93	100	-0.00111872
93	97	-0.00183925
93	409	-0.00112165
93	147	-0.00018564
93	499	-0.00120894
97	89	-0.00075752
97	11	-0.00226556
97	2	-0.00824097
97	9	-0.00746885
97	42	-0.0195954
97	143	-0.0011708
97	93	-0.00183925
97	247	-0.000179807
97	147	-0.000321321
97	499	-0.00154915
100	77	-0.000957881
100	61	-0.00137989
100	11	-0.00137271
100	2	-0.00498038
100	42	-0.0120352
100	56	-0.000852816
100	74	-0.00192301
100	116	-0.00095136
100	93	-0.00111872
100	89	-0.000556098
100	105	-0.000675973
100	409	-0.0008376
100	147	-0.000169872
100	1331	-9.23192e-05
100	499	-0.000772553
105	147	-0.000154738
105	42	-0.00989335
105	9	-0.00379609
105	2	-0.00414539
105	11	-0.000994977
105	77	-0.000263045
105	61	-0.00120165
105	56	-0.00059257
105	116	-0.000797329
105	100	-0.000675973
105	409	-0.000301183
105	247	-9.16671e-05
105	499	-0.000761331
116	147	-0.000211607
116	65	-0.000700452
116	42	-0.0132883
116	2	-0.00557839
116	56	-0.000938812
116	61	-0.00156954
116	100	-0.00095136
116	77	-0.00102154
116	89	-0.000624247
116	105	-0.000797329
116	499	-0.000850221
116	409	-0.000921788
116	1331	-0.00014432
127	2	-0.00370376
143	93	-0.000914965
143	42	-0.0101504
143	2	-0.00424338
143	11	-0.00116913
143	74	-0.00165371
143	56	-0.000707965
143	89	-0.000472111
143	77	-0.000815056
143	147	-0.000139895
143	97	-0.0011708
143	499	-0.000790626
147	100	-0.000169872
147	42	-0.00259537
147	2	-0.00117231
147	9	-0.00101972
147	65	-0.000134268
147	61	-0.000307849
147	93	-0.00018564
147	89	-0.000118167
147	97	-0.000321321
147	247	-1.32496e-05
147	116	-0.000211607
147	105	-0.000154738
147	143	-0.000139895
147	1331	-1.67611e-05
147	499	-6.70877e-05
162	77	-0.00135779
162	42	-0.0171246
247	97	-0.000179807
247	42	-0.00169914
247	11	-0.000190815
247	61	-0.000199715
247	147	-1.32496e-05
247	105	-9.16671e-05
247	13196	-3.11581e-05
409	105	-0.000301183
409	42	-0.0117433
409	9	-0.00446013
409	2	-0.00484756
409	11	-0.00123337
409	77	-0.000649637
409	61	-0.00134428
409	56	-0.000841893
409	93	-0.00112165
409	100	-0.0008376
409	499	-0.000899965
409	116	-0.000921788
409	13196	-0.00030277
409	1331	-0.000107917
499	100	-0.000772553
499	61	-0.000870896
499	42	-0.00991352
499	5	-0.00135942
499	2	-0.00543254
499	11	-0.00138053
499	9	-0.00492273
499	56	-0.000899189
499	77	-0.00103147
499	65	-0.000666664
499	93	-0.00120894
499	89	-0.000487726
499	97	-0.00154915
499	147	-6.70877e-05
499	116	-0.000850221
499	105	-0.000761331
499	143	-0.000790626
499	13196	-0.000319683
499	409	-0.000899965
1331	100	-9.23192e-05
1331	42	-0.00195993
1331	2	-0.000770525
1331	11	-0.000214662
1331	61	-0.000154934
1331	77	-0.000127997
1331	147	-1.67611e-05
1331	116	-0.00014432
1331	409	-0.000107917
13196	56	-0.000256233
13196	11	-0.000503155
13196	9	-0.00168064
13196	2	-0.00186719
13196	42	-0.00427397
13196	409	-0.00030277
13196	77	-0.000347813
13196	61	-0.000507994
13196	65	-0.00022286
13196	247	-3.11581e-05
13196	499	-0.000319683
