1539	8201	-0.044416
1539	4226	-4.97786e-06
1539	2703	-0.0708725
1539	17585	-0.000148559
1539	12883	-0.00127538
1539	20996	-9.54791e-07
2703	12883	-0.0018209
2703	4226	-5.89564e-06
2703	1539	-0.0708725
2703	8201	-0.209619
2703	19820	-2.28982e-06
2703	15187	-0.000385152
2703	17585	-0.000584928
2703	20996	-3.80877e-05
4226	2703	-5.89564e-06
4226	1539	-4.97786e-06
4226	8201	-4.26179e-06
8201	15187	-4.39347e-05
8201	9209	-4.37108e-06
8201	2703	-0.209619
8201	1539	-0.044416
8201	4226	-4.26179e-06
8201	12883	-0.00244535
8201	19955	-2.01233e-05
8201	17585	-0.000167403
8201	20996	-5.28325e-05
8201	22280	-1.07638e-06
9209	8201	-4.37108e-06
12883	17585	-7.65449e-06
12883	2703	-0.0018209
12883	1539	-0.00127538
12883	8201	-0.00244535
12883	20996	-1.41733e-06
15187	8201	-4.39347e-05
15187	2703	-0.000385152
17585	8201	-0.000167403
17585	2703	-0.000584928
17585	1539	-0.000148559
17585	12883	-7.65449e-06
19820	2703	-2.28982e-06
19955	8201	-2.01233e-05
20996	8201	-5.28325e-05
20996	2703	-3.80877e-05
20996	1539	-9.54791e-07
20996	12883	-1.41733e-06
22280	8201	-1.07638e-06
