8	475	-5.8336e-05
8	24	-0.00513192
24	56	-0.00831122
24	8	-0.00513192
24	475	-0.0134666
24	66	-0.0242298
24	698	-0.00612254
24	2745	-0.000404016
31	706	-0.000205813
31	165	-0.000917826
31	36	-0.00179082
31	33	-0.0181442
31	66	-0.00282633
31	42	-0.000741585
31	227	-2.72221e-05
31	179	-0.00169506
31	249	-6.48202e-05
31	234	-0.000241061
31	296	-0.00034113
31	2745	-2.01725e-05
31	925	-6.952e-05
31	885	-0.000411626
31	1632	-0.0013737
31	18757	-3.72333e-06
31	4496	-3.19219e-05
33	90	-0.00160658
33	56	-0.00160272
33	31	-0.0181442
33	66	-0.00477076
33	234	-0.000416637
33	165	-0.00152931
33	139	-0.00396716
33	885	-0.000748894
36	66	-0.00043414
36	39	-0.000113946
36	31	-0.00179082
36	885	-5.43966e-05
39	56	-8.83602e-06
39	36	-0.000113946
39	2218	-4.17204e-05
42	31	-0.000741585
56	33	-0.00160272
56	24	-0.00831122
56	39	-8.83602e-06
66	698	-0.000167361
66	33	-0.00477076
66	24	-0.0242298
66	31	-0.00282633
66	36	-0.00043414
66	1632	-0.000337834
79	346	-6.3641e-05
79	139	-0.000586415
79	90	-0.000286194
79	1632	-0.000385054
90	79	-0.000286194
90	33	-0.00160658
90	2218	-5.92822e-05
90	475	-0.000112797
139	208	-2.86483e-05
139	79	-0.000586415
139	33	-0.00396716
139	11419	-2.14481e-05
165	33	-0.00152931
165	31	-0.000917826
179	1632	-0.000198767
179	31	-0.00169506
208	139	-2.86483e-05
227	31	-2.72221e-05
234	33	-0.000416637
234	31	-0.000241061
249	31	-6.48202e-05
296	31	-0.00034113
346	79	-6.3641e-05
475	90	-0.000112797
475	24	-0.0134666
475	8	-5.8336e-05
475	1632	-0.000172024
475	698	-7.80782e-05
602	1632	-7.15866e-05
698	66	-0.000167361
698	24	-0.00612254
698	475	-7.80782e-05
706	31	-0.000205813
885	33	-0.000748894
885	31	-0.000411626
885	36	-5.43966e-05
925	31	-6.952e-05
1632	602	-7.15866e-05
1632	179	-0.000198767
1632	66	-0.000337834
1632	31	-0.0013737
1632	79	-0.000385054
1632	475	-0.000172024
1632	2218	-9.65473e-05
2218	90	-5.92822e-05
2218	39	-4.17204e-05
2218	1632	-9.65473e-05
2745	31	-2.01725e-05
2745	24	-0.000404016
4496	31	-3.19219e-05
11419	139	-2.14481e-05
18757	31	-3.72333e-06
