261	27588	-2.01905e-06
261	17072	-2.84396e-05
261	8579	-5.81257e-07
261	6187	-4.07136e-05
261	3686	-1.64257e-06
261	3159	-0.000127484
261	1914	-3.38456e-06
261	1115	-0.00040174
261	2360	-0.0154078
261	2419	-1.60356e-05
261	3313	-1.77209e-05
261	4433	-2.76988e-05
261	3933	-4.79463e-07
261	3883	-3.39902e-06
261	4229	-5.06932e-06
261	3980	-9.79047e-06
261	4941	-1.52513e-06
261	4762	-0.000273692
261	6779	-0.000236535
261	6399	-0.000163555
261	6321	-2.33866e-05
261	6525	-0.000277266
261	7897	-1.49766e-05
261	6944	-6.79804e-06
261	8434	-2.4696e-07
261	7963	-2.1353e-06
261	10288	-2.18045e-07
261	9637	-1.10825e-05
261	8931	-7.78588e-06
261	9166	-0.000195213
261	9724	-0.000124696
261	9658	-0.28417
261	10015	-0.0332783
261	13801	-4.00978e-06
261	11895	-0.000172079
261	11156	-1.62687e-05
261	13553	-8.50141e-05
261	13411	-3.60261e-06
261	15195	-7.74613e-05
261	14371	-1.79546e-05
261	14239	-1.34503e-05
261	15324	-4.71484e-05
261	23105	-7.55338e-07
261	20829	-7.55338e-07
261	18997	-2.65814e-06
261	18055	-0.000221865
261	17930	-1.01676e-06
261	17733	-4.39646e-08
261	17934	-6.24629e-07
261	18793	-8.86046e-07
261	18101	-3.77669e-07
261	19790	-2.4696e-07
261	19283	-0.000262726
261	19038	-0.000162707
261	19544	-7.05946e-06
261	19373	-1.06759e-05
261	19983	-2.50557e-05
261	19847	-1.72872e-06
261	20667	-1.14746e-06
261	22462	-2.13079e-05
261	21694	-1.68343e-05
261	21278	-9.73383e-07
261	20901	-1.16251e-07
261	21031	-3.44239e-06
261	21371	-2.96311e-05
261	22365	-1.00513e-05
261	22083	-8.28217e-07
261	22992	-1.14746e-06
261	22651	-4.16881e-06
261	22710	-2.26601e-06
261	23102	-4.65005e-07
261	25856	-1.87666e-05
261	24076	-4.05389e-05
261	23856	-1.01676e-06
261	24083	-6.12511e-05
261	26803	-2.89064e-06
261	26506	-1.23318e-05
261	26112	-4.08148e-06
261	27358	-0.000226383
261	30214	-8.86046e-07
261	29020	-9.77542e-06
261	28554	-1.16251e-07
261	27843	-1.16251e-07
261	27707	-2.4696e-07
261	27672	-3.15206e-06
261	28084	-2.03588e-07
261	28721	-1.65584e-06
261	28563	-1.65584e-06
261	28962	-1.78655e-06
261	28986	-3.77669e-07
261	29471	-4.92415e-06
261	29074	-7.55338e-07
261	29025	-1.01676e-06
261	29697	-1.16251e-07
261	29606	-7.55338e-07
261	29769	-2.88462e-05
261	30794	-5.08378e-07
261	30379	-5.08378e-07
261	30292	-2.4696e-07
261	30423	-1.01676e-06
261	30446	-5.08378e-07
261	31200	-7.88708e-06
261	30827	-3.63211e-07
261	30918	-5.08378e-07
261	31267	-3.1376e-06
1115	2360	-3.64034e-05
1115	261	-0.00040174
1115	9658	-0.000518586
1914	9658	-1.32405e-05
1914	261	-3.38456e-06
1914	10015	-2.45105e-06
2360	17072	-2.90061e-06
2360	7897	-1.10375e-05
2360	4762	-3.27417e-05
2360	3159	-9.18393e-06
2360	1115	-3.64034e-05
2360	261	-0.0154078
2360	3686	-7.00602e-06
2360	6399	-5.37509e-05
2360	6321	-1.25666e-05
2360	6187	-3.95656e-06
2360	6779	-2.21775e-05
2360	6525	-3.51504e-05
2360	6944	-2.76159e-06
2360	11156	-1.89894e-06
2360	9658	-0.0227781
2360	9166	-2.05093e-05
2360	8931	-2.65019e-06
2360	10015	-0.00287867
2360	9724	-1.29275e-05
2360	13553	-6.1897e-06
2360	11895	-2.75873e-05
2360	13411	-2.5299e-06
2360	14371	-4.55802e-06
2360	13801	-4.8281e-06
2360	15195	-1.02773e-05
2360	15324	-1.02034e-05
2360	19847	-8.61709e-07
2360	19038	-1.95825e-05
2360	18055	-1.58656e-05
2360	17733	-1.55679e-06
2360	19283	-4.00169e-05
2360	19544	-1.16735e-06
2360	26803	-5.37339e-07
2360	22365	-9.54386e-07
2360	19983	-1.98273e-06
2360	24083	-6.60769e-06
2360	22462	-1.46411e-06
2360	25856	-3.85499e-06
2360	29471	-1.0934e-06
2360	27358	-2.64682e-05
2360	31267	-8.61709e-07
2360	29769	-2.11285e-06
2419	261	-1.60356e-05
3159	2360	-9.18393e-06
3159	261	-0.000127484
3159	9658	-0.000111957
3313	9658	-9.37827e-05
3313	261	-1.77209e-05
3686	9658	-5.79743e-05
3686	2360	-7.00602e-06
3686	261	-1.64257e-06
3686	10015	-6.15929e-06
3883	9658	-1.98514e-06
3883	261	-3.39902e-06
3883	10015	-2.83964e-07
3933	9658	-4.76684e-07
3933	261	-4.79463e-07
3933	10015	-3.143e-07
3980	261	-9.79047e-06
4229	9658	-3.65588e-06
4229	261	-5.06932e-06
4229	10015	-8.25539e-09
4433	9658	-4.45973e-05
4433	261	-2.76988e-05
4762	2360	-3.27417e-05
4762	261	-0.000273692
4762	9658	-0.000565231
4941	9658	-1.15251e-07
4941	261	-1.52513e-06
6187	2360	-3.95656e-06
6187	261	-4.07136e-05
6187	10015	-1.28591e-05
6187	9658	-0.000125223
6321	9658	-8.11138e-05
6321	261	-2.33866e-05
6321	2360	-1.25666e-05
6321	10015	-1.86572e-05
6399	9658	-0.000329641
6399	2360	-5.37509e-05
6399	261	-0.000163555
6399	10015	-7.55497e-05
6525	9658	-0.00067304
6525	2360	-3.51504e-05
6525	261	-0.000277266
6525	10015	-7.11109e-05
6779	2360	-2.21775e-05
6779	261	-0.000236535
6779	10015	-3.36751e-05
6944	2360	-2.76159e-06
6944	261	-6.79804e-06
6944	10015	-4.79457e-06
6944	9658	-9.6058e-06
7897	9658	-5.86187e-05
7897	2360	-1.10375e-05
7897	261	-1.49766e-05
7897	10015	-1.49737e-05
7963	9658	-4.94951e-06
7963	261	-2.1353e-06
8434	9658	-1.65506e-06
8434	261	-2.4696e-07
8579	9658	-1.98514e-06
8579	261	-5.81257e-07
8931	9658	-2.74971e-05
8931	261	-7.78588e-06
8931	2360	-2.65019e-06
8931	10015	-5.31566e-06
9166	2360	-2.05093e-05
9166	261	-0.000195213
9166	9658	-0.000299417
9637	9658	-1.67129e-05
9637	261	-1.10825e-05
9658	17930	-1.01609e-06
9658	8434	-1.65506e-06
9658	4433	-4.45973e-05
9658	3313	-9.37827e-05
9658	1914	-1.32405e-05
9658	1115	-0.000518586
9658	261	-0.28417
9658	3159	-0.000111957
9658	2360	-0.0227781
9658	3883	-1.98514e-06
9658	3686	-5.79743e-05
9658	3933	-4.76684e-07
9658	4229	-3.65588e-06
9658	6525	-0.00067304
9658	6187	-0.000125223
9658	4941	-1.15251e-07
9658	4762	-0.000565231
9658	6321	-8.11138e-05
9658	6399	-0.000329641
9658	7897	-5.86187e-05
9658	6944	-9.6058e-06
9658	7963	-4.94951e-06
9658	11156	-1.9065e-05
9658	9637	-1.67129e-05
9658	8931	-2.74971e-05
9658	8579	-1.98514e-06
9658	9166	-0.000299417
9658	10015	-0.0244637
9658	9724	-0.000257083
9658	10288	-3.03258e-06
9658	13801	-2.58256e-06
9658	13411	-3.59316e-06
9658	11895	-0.000414293
9658	13553	-0.000200507
9658	15324	-0.000175325
9658	14371	-3.48198e-05
9658	17733	-2.85461e-06
9658	23102	-4.61004e-07
9658	19790	-1.65506e-06
9658	18793	-8.85157e-07
9658	18055	-0.000295076
9658	17934	-6.23295e-07
9658	18101	-1.78599e-06
9658	19283	-0.000654279
9658	18997	-1.24659e-06
9658	19544	-4.22719e-05
9658	21278	-5.19569e-06
9658	20667	-1.14702e-06
9658	19983	-3.49029e-05
9658	19847	-4.54104e-06
9658	20901	-1.52413e-06
9658	21031	-6.23295e-07
9658	22651	-2.75504e-06
9658	21694	-3.0917e-05
9658	21371	-9.86484e-05
9658	22462	-3.11632e-05
9658	22992	-1.14702e-06
9658	22710	-1.35337e-05
9658	28962	-3.77113e-07
9658	27358	-0.000398197
9658	24083	-0.000109134
9658	23856	-1.01609e-06
9658	23105	-7.54226e-07
9658	26112	-5.48891e-06
9658	25856	-3.7066e-05
9658	26506	-4.33194e-05
9658	28084	-1.99142e-07
9658	27707	-1.65506e-06
9658	27588	-1.18787e-05
9658	27672	-7.37448e-06
9658	27843	-1.52413e-06
9658	28554	-4.34189e-06
9658	28376	-5.08044e-07
9658	28563	-2.46182e-07
9658	28721	-2.46182e-07
9658	29606	-7.54226e-07
9658	29074	-7.54226e-07
9658	29020	-3.93546e-05
9658	28986	-1.78599e-06
9658	29025	-1.01609e-06
9658	29471	-3.16869e-05
9658	29769	-3.86999e-05
9658	29697	-1.52413e-06
9658	30292	-1.65506e-06
9658	30214	-8.85157e-07
9658	30827	-3.1792e-06
9724	2360	-1.29275e-05
9724	261	-0.000124696
9724	9658	-0.000257083
10015	9658	-0.0244637
10015	6187	-1.28591e-05
10015	3686	-6.15929e-06
10015	1914	-2.45105e-06
10015	261	-0.0332783
10015	2360	-0.00287867
10015	3933	-3.143e-07
10015	3883	-2.83964e-07
10015	4229	-8.25539e-09
10015	6779	-3.36751e-05
10015	6399	-7.55497e-05
10015	6321	-1.86572e-05
10015	6525	-7.11109e-05
10015	7897	-1.49737e-05
10015	6944	-4.79457e-06
10015	8931	-5.31566e-06
10015	21694	-2.38212e-06
10015	13801	-8.55524e-06
10015	11895	-6.89659e-05
10015	10288	-5.90009e-07
10015	13411	-3.04106e-06
10015	17733	-1.84701e-07
10015	14371	-2.42321e-05
10015	15195	-2.01654e-05
10015	19544	-4.51886e-06
10015	18997	-2.45373e-07
10015	25856	-8.51665e-06
10015	22651	-1.62392e-06
10015	22083	-2.17534e-06
10015	29020	-3.14032e-06
10015	27672	-1.21035e-06
10288	9658	-3.03258e-06
10288	261	-2.18045e-07
10288	10015	-5.90009e-07
11156	2360	-1.89894e-06
11156	261	-1.62687e-05
11156	9658	-1.9065e-05
11895	9658	-0.000414293
11895	2360	-2.75873e-05
11895	261	-0.000172079
11895	10015	-6.89659e-05
13411	9658	-3.59316e-06
13411	2360	-2.5299e-06
13411	261	-3.60261e-06
13411	10015	-3.04106e-06
13553	2360	-6.1897e-06
13553	261	-8.50141e-05
13553	9658	-0.000200507
13801	2360	-4.8281e-06
13801	261	-4.00978e-06
13801	10015	-8.55524e-06
13801	9658	-2.58256e-06
14239	261	-1.34503e-05
14371	2360	-4.55802e-06
14371	261	-1.79546e-05
14371	10015	-2.42321e-05
14371	9658	-3.48198e-05
15195	2360	-1.02773e-05
15195	261	-7.74613e-05
15195	10015	-2.01654e-05
15324	2360	-1.02034e-05
15324	261	-4.71484e-05
15324	9658	-0.000175325
17072	2360	-2.90061e-06
17072	261	-2.84396e-05
17733	9658	-2.85461e-06
17733	2360	-1.55679e-06
17733	261	-4.39646e-08
17733	10015	-1.84701e-07
17930	9658	-1.01609e-06
17930	261	-1.01676e-06
17934	9658	-6.23295e-07
17934	261	-6.24629e-07
18055	2360	-1.58656e-05
18055	261	-0.000221865
18055	9658	-0.000295076
18101	9658	-1.78599e-06
18101	261	-3.77669e-07
18793	9658	-8.85157e-07
18793	261	-8.86046e-07
18997	9658	-1.24659e-06
18997	261	-2.65814e-06
18997	10015	-2.45373e-07
19038	2360	-1.95825e-05
19038	261	-0.000162707
19283	2360	-4.00169e-05
19283	261	-0.000262726
19283	9658	-0.000654279
19373	261	-1.06759e-05
19544	9658	-4.22719e-05
19544	261	-7.05946e-06
19544	2360	-1.16735e-06
19544	10015	-4.51886e-06
19790	9658	-1.65506e-06
19790	261	-2.4696e-07
19847	2360	-8.61709e-07
19847	261	-1.72872e-06
19847	9658	-4.54104e-06
19983	2360	-1.98273e-06
19983	261	-2.50557e-05
19983	9658	-3.49029e-05
20667	9658	-1.14702e-06
20667	261	-1.14746e-06
20829	261	-7.55338e-07
20901	9658	-1.52413e-06
20901	261	-1.16251e-07
21031	9658	-6.23295e-07
21031	261	-3.44239e-06
21278	9658	-5.19569e-06
21278	261	-9.73383e-07
21371	9658	-9.86484e-05
21371	261	-2.96311e-05
21694	9658	-3.0917e-05
21694	261	-1.68343e-05
21694	10015	-2.38212e-06
22083	10015	-2.17534e-06
22083	261	-8.28217e-07
22365	2360	-9.54386e-07
22365	261	-1.00513e-05
22462	2360	-1.46411e-06
22462	261	-2.13079e-05
22462	9658	-3.11632e-05
22651	9658	-2.75504e-06
22651	261	-4.16881e-06
22651	10015	-1.62392e-06
22710	9658	-1.35337e-05
22710	261	-2.26601e-06
22992	261	-1.14746e-06
22992	9658	-1.14702e-06
23102	9658	-4.61004e-07
23102	261	-4.65005e-07
23105	9658	-7.54226e-07
23105	261	-7.55338e-07
23856	9658	-1.01609e-06
23856	261	-1.01676e-06
24076	261	-4.05389e-05
24083	2360	-6.60769e-06
24083	261	-6.12511e-05
24083	9658	-0.000109134
25856	9658	-3.7066e-05
25856	261	-1.87666e-05
25856	2360	-3.85499e-06
25856	10015	-8.51665e-06
26112	9658	-5.48891e-06
26112	261	-4.08148e-06
26506	9658	-4.33194e-05
26506	261	-1.23318e-05
26803	2360	-5.37339e-07
26803	261	-2.89064e-06
27358	2360	-2.64682e-05
27358	261	-0.000226383
27358	9658	-0.000398197
27588	9658	-1.18787e-05
27588	261	-2.01905e-06
27672	9658	-7.37448e-06
27672	261	-3.15206e-06
27672	10015	-1.21035e-06
27707	9658	-1.65506e-06
27707	261	-2.4696e-07
27843	9658	-1.52413e-06
27843	261	-1.16251e-07
28084	9658	-1.99142e-07
28084	261	-2.03588e-07
28376	9658	-5.08044e-07
28554	9658	-4.34189e-06
28554	261	-1.16251e-07
28563	9658	-2.46182e-07
28563	261	-1.65584e-06
28721	9658	-2.46182e-07
28721	261	-1.65584e-06
28962	9658	-3.77113e-07
28962	261	-1.78655e-06
28986	9658	-1.78599e-06
28986	261	-3.77669e-07
29020	9658	-3.93546e-05
29020	261	-9.77542e-06
29020	10015	-3.14032e-06
29025	9658	-1.01609e-06
29025	261	-1.01676e-06
29074	9658	-7.54226e-07
29074	261	-7.55338e-07
29471	2360	-1.0934e-06
29471	261	-4.92415e-06
29471	9658	-3.16869e-05
29606	9658	-7.54226e-07
29606	261	-7.55338e-07
29697	9658	-1.52413e-06
29697	261	-1.16251e-07
29769	2360	-2.11285e-06
29769	261	-2.88462e-05
29769	9658	-3.86999e-05
30214	9658	-8.85157e-07
30214	261	-8.86046e-07
30292	9658	-1.65506e-06
30292	261	-2.4696e-07
30379	261	-5.08378e-07
30423	261	-1.01676e-06
30446	261	-5.08378e-07
30794	261	-5.08378e-07
30827	9658	-3.1792e-06
30827	261	-3.63211e-07
30918	261	-5.08378e-07
31200	261	-7.88708e-06
31267	2360	-8.61709e-07
31267	261	-3.1376e-06
